iter	label	cutoff	numotus	tp	tn	fp	fn	sensitivity	specificity	ppv	npv	fdr	accuracy	mcc	f1score
1	0.03	0.03	6182	4132054	1171392036	450279	708447	0.8536	0.9996	0.9017	0.9994	0.9017	0.999	0.8769	0.877
2	0.03	0.03	6212	3999885	1171456788	385527	840616	0.8263	0.9997	0.9121	0.9993	0.9121	0.999	0.8676	0.8671
3	0.03	0.03	6148	4000632	1171424711	417604	839869	0.8265	0.9996	0.9055	0.9993	0.9055	0.9989	0.8646	0.8642
4	0.03	0.03	6125	4089534	1171400901	441414	750967	0.8449	0.9996	0.9026	0.9994	0.9026	0.999	0.8727	0.8728
5	0.03	0.03	6167	4134554	1171390226	452089	705947	0.8542	0.9996	0.9014	0.9994	0.9014	0.999	0.877	0.8772
6	0.03	0.03	6200	4036838	1171466638	375677	803663	0.834	0.9997	0.9149	0.9993	0.9149	0.999	0.873	0.8725
7	0.03	0.03	6137	4049455	1171395153	447162	791046	0.8366	0.9996	0.9006	0.9993	0.9006	0.9989	0.8675	0.8674
8	0.03	0.03	6196	4042548	1171462611	379704	797953	0.8352	0.9997	0.9141	0.9993	0.9141	0.999	0.8733	0.8729
9	0.03	0.03	6204	4126952	1171397013	445302	713549	0.8526	0.9996	0.9026	0.9994	0.9026	0.999	0.8768	0.8769
10	0.03	0.03	6187	4027317	1171464877	377438	813184	0.832	0.9997	0.9143	0.9993	0.9143	0.999	0.8717	0.8712
11	0.03	0.03	6121	3970490	1171470642	371673	870011	0.8203	0.9997	0.9144	0.9993	0.9144	0.9989	0.8655	0.8648
12	0.03	0.03	6159	4000022	1171419860	422455	840479	0.8264	0.9996	0.9045	0.9993	0.9045	0.9989	0.864	0.8637
13	0.03	0.03	6084	4131073	1171393320	448995	709428	0.8534	0.9996	0.902	0.9994	0.902	0.999	0.8769	0.877
14	0.03	0.03	6137	4137362	1171384620	457695	703139	0.8547	0.9996	0.9004	0.9994	0.9004	0.999	0.8768	0.877
15	0.03	0.03	6225	4136349	1171382147	460168	704152	0.8545	0.9996	0.8999	0.9994	0.8999	0.999	0.8764	0.8766
16	0.03	0.03	6092	4132215	1171392975	449340	708286	0.8537	0.9996	0.9019	0.9994	0.9019	0.999	0.877	0.8771
17	0.03	0.03	6158	3990718	1171460113	382202	849783	0.8244	0.9997	0.9126	0.9993	0.9126	0.999	0.8669	0.8663
18	0.03	0.03	6217	4007114	1171451761	390554	833387	0.8278	0.9997	0.9112	0.9993	0.9112	0.999	0.868	0.8675
19	0.03	0.03	6209	4045495	1171459101	383214	795006	0.8358	0.9997	0.9135	0.9993	0.9135	0.999	0.8733	0.8729
20	0.03	0.03	6184	4134199	1171389049	453266	706302	0.8541	0.9996	0.9012	0.9994	0.9012	0.999	0.8768	0.877
