iter	label	cutoff	numotus	tp	tn	fp	fn	sensitivity	specificity	ppv	npv	fdr	accuracy	mcc	f1score
1	0.03	0.03	5739	4132526	1171391678	450637	707975	0.8537	0.9996	0.9017	0.9994	0.9017	0.999	0.8769	0.8771
2	0.03	0.03	5782	4020537	1171458374	383941	819964	0.8306	0.9997	0.9128	0.9993	0.9128	0.999	0.8702	0.8698
3	0.03	0.03	5726	4005090	1171468200	374115	835411	0.8274	0.9997	0.9146	0.9993	0.9146	0.999	0.8694	0.8688
4	0.03	0.03	5807	4062300	1171445909	396406	778201	0.8392	0.9997	0.9111	0.9993	0.9111	0.999	0.8739	0.8737
5	0.03	0.03	5707	4120385	1171390271	452044	720116	0.8512	0.9996	0.9011	0.9994	0.9011	0.999	0.8753	0.8755
6	0.03	0.03	5724	4094248	1171408522	433793	746253	0.8458	0.9996	0.9042	0.9994	0.9042	0.999	0.874	0.874
7	0.03	0.03	5776	4133828	1171390358	451957	706673	0.854	0.9996	0.9014	0.9994	0.9014	0.999	0.8769	0.8771
8	0.03	0.03	5763	4015801	1171458590	383725	824700	0.8296	0.9997	0.9128	0.9993	0.9128	0.999	0.8697	0.8692
9	0.03	0.03	5764	4105843	1171392330	449985	734658	0.8482	0.9996	0.9012	0.9994	0.9012	0.999	0.8738	0.8739
10	0.03	0.03	5762	4016726	1171460985	381330	823775	0.8298	0.9997	0.9133	0.9993	0.9133	0.999	0.8701	0.8696
11	0.03	0.03	5724	4057812	1171406414	435901	782689	0.8383	0.9996	0.903	0.9993	0.903	0.999	0.8695	0.8694
12	0.03	0.03	5721	4126360	1171398675	443640	714141	0.8525	0.9996	0.9029	0.9994	0.9029	0.999	0.8768	0.877
13	0.03	0.03	5775	4095761	1171410022	432293	744740	0.8461	0.9996	0.9045	0.9994	0.9045	0.999	0.8744	0.8744
14	0.03	0.03	5786	3997681	1171473165	369150	842820	0.8259	0.9997	0.9155	0.9993	0.9155	0.999	0.869	0.8684
15	0.03	0.03	5800	4046146	1171457143	385172	794355	0.8359	0.9997	0.9131	0.9993	0.9131	0.999	0.8731	0.8728
16	0.03	0.03	5751	4136162	1171388317	453998	704339	0.8545	0.9996	0.9011	0.9994	0.9011	0.999	0.877	0.8772
17	0.03	0.03	5794	4145888	1171375136	467179	694613	0.8565	0.9996	0.8987	0.9994	0.8987	0.999	0.8769	0.8771
18	0.03	0.03	5752	4138823	1171386274	456041	701678	0.855	0.9996	0.9007	0.9994	0.9007	0.999	0.8771	0.8773
19	0.03	0.03	5745	4129715	1171396041	446274	710786	0.8532	0.9996	0.9025	0.9994	0.9025	0.999	0.877	0.8771
20	0.03	0.03	5813	4120677	1171392443	449872	719824	0.8513	0.9996	0.9016	0.9994	0.9016	0.999	0.8756	0.8757
