iter	label	cutoff	numotus	tp	tn	fp	fn	sensitivity	specificity	ppv	npv	fdr	accuracy	mcc	f1score
1	0.03	0.03	7226	4046284	1171456130	386185	794217	0.8359	0.9997	0.9129	0.9993	0.9129	0.999	0.8731	0.8727
2	0.03	0.03	7301	4034538	1171463278	379037	805963	0.8335	0.9997	0.9141	0.9993	0.9141	0.999	0.8724	0.8719
3	0.03	0.03	7265	4131626	1171390921	451394	708875	0.8536	0.9996	0.9015	0.9994	0.9015	0.999	0.8767	0.8769
4	0.03	0.03	7254	4123340	1171398620	443695	717161	0.8518	0.9996	0.9028	0.9994	0.9028	0.999	0.8765	0.8766
5	0.03	0.03	7336	3978337	1171446158	396157	862164	0.8219	0.9997	0.9094	0.9993	0.9094	0.9989	0.864	0.8634
6	0.03	0.03	7304	4131420	1171387524	454791	709081	0.8535	0.9996	0.9008	0.9994	0.9008	0.999	0.8764	0.8765
7	0.03	0.03	7280	4118535	1171404578	437737	721966	0.8508	0.9996	0.9039	0.9994	0.9039	0.999	0.8765	0.8766
8	0.03	0.03	7291	4132917	1171386831	455484	707584	0.8538	0.9996	0.9007	0.9994	0.9007	0.999	0.8765	0.8766
9	0.03	0.03	7362	4122461	1171393412	448903	718040	0.8517	0.9996	0.9018	0.9994	0.9018	0.999	0.8759	0.876
10	0.03	0.03	7358	4017721	1171449968	392347	822780	0.83	0.9997	0.911	0.9993	0.911	0.999	0.8691	0.8686
11	0.03	0.03	7247	4131380	1171394052	448263	709121	0.8535	0.9996	0.9021	0.9994	0.9021	0.999	0.877	0.8771
12	0.03	0.03	7227	4133918	1171387947	454368	706583	0.854	0.9996	0.901	0.9994	0.901	0.999	0.8767	0.8769
13	0.03	0.03	7267	4043607	1171454171	388144	796894	0.8354	0.9997	0.9124	0.9993	0.9124	0.999	0.8725	0.8722
14	0.03	0.03	7346	4040288	1171461157	381158	800213	0.8347	0.9997	0.9138	0.9993	0.9138	0.999	0.8728	0.8724
15	0.03	0.03	7275	4138955	1171380227	462088	701546	0.8551	0.9996	0.8996	0.9994	0.8996	0.999	0.8765	0.8768
16	0.03	0.03	7279	4134243	1171380370	461945	706258	0.8541	0.9996	0.8995	0.9994	0.8995	0.999	0.876	0.8762
17	0.03	0.03	7227	4134126	1171389746	452569	706375	0.8541	0.9996	0.9013	0.9994	0.9013	0.999	0.8769	0.8771
18	0.03	0.03	7298	3992033	1171447996	394319	848468	0.8247	0.9997	0.9101	0.9993	0.9101	0.9989	0.8658	0.8653
19	0.03	0.03	7258	4106378	1171373842	468473	734123	0.8483	0.9996	0.8976	0.9994	0.8976	0.999	0.8721	0.8723
20	0.03	0.03	7298	4041385	1171458281	384034	799116	0.8349	0.9997	0.9132	0.9993	0.9132	0.999	0.8727	0.8723
