iter	label	cutoff	numotus	tp	tn	fp	fn	sensitivity	specificity	ppv	npv	fdr	accuracy	mcc	f1score
1	0.03	0.03	5499	4121550	1171388898	453417	718951	0.8515	0.9996	0.9009	0.9994	0.9009	0.999	0.8753	0.8755
2	0.03	0.03	5561	4034174	1171453674	388641	806327	0.8334	0.9997	0.9121	0.9993	0.9121	0.999	0.8714	0.871
3	0.03	0.03	5537	4127050	1171392612	449703	713451	0.8526	0.9996	0.9017	0.9994	0.9017	0.999	0.8763	0.8765
4	0.03	0.03	5553	4127784	1171397514	444801	712717	0.8528	0.9996	0.9027	0.9994	0.9027	0.999	0.8769	0.877
5	0.03	0.03	5576	4029695	1171416299	426016	810806	0.8325	0.9996	0.9044	0.9993	0.9044	0.9989	0.8672	0.867
6	0.03	0.03	5572	4123906	1171400387	441928	716595	0.852	0.9996	0.9032	0.9994	0.9032	0.999	0.8767	0.8768
7	0.03	0.03	5564	4083296	1171399180	443135	757205	0.8436	0.9996	0.9021	0.9994	0.9021	0.999	0.8718	0.8719
8	0.03	0.03	5573	4130539	1171397281	445034	709962	0.8533	0.9996	0.9027	0.9994	0.9027	0.999	0.8772	0.8773
9	0.03	0.03	5546	4121616	1171395978	446337	718885	0.8515	0.9996	0.9023	0.9994	0.9023	0.999	0.876	0.8762
10	0.03	0.03	5579	4014481	1171464955	377360	826020	0.8294	0.9997	0.9141	0.9993	0.9141	0.999	0.8702	0.8697
11	0.03	0.03	5503	4127513	1171396128	446187	712988	0.8527	0.9996	0.9024	0.9994	0.9024	0.999	0.8767	0.8769
12	0.03	0.03	5567	4128293	1171397665	444650	712208	0.8529	0.9996	0.9028	0.9994	0.9028	0.999	0.877	0.8771
13	0.03	0.03	5561	4136329	1171386247	456068	704172	0.8545	0.9996	0.9007	0.9994	0.9007	0.999	0.8768	0.877
14	0.03	0.03	5549	4061528	1171403289	439026	778973	0.8391	0.9996	0.9025	0.9993	0.9025	0.999	0.8697	0.8696
15	0.03	0.03	5520	4133727	1171391170	451145	706774	0.854	0.9996	0.9016	0.9994	0.9016	0.999	0.877	0.8771
16	0.03	0.03	5559	4124343	1171401171	441144	716158	0.852	0.9996	0.9034	0.9994	0.9034	0.999	0.8768	0.877
17	0.03	0.03	5588	4039583	1171463577	378738	800918	0.8345	0.9997	0.9143	0.9993	0.9143	0.999	0.873	0.8726
18	0.03	0.03	5584	4089331	1171389660	452655	751170	0.8448	0.9996	0.9003	0.9994	0.9003	0.999	0.8716	0.8717
19	0.03	0.03	5563	4005348	1171464285	378030	835153	0.8275	0.9997	0.9138	0.9993	0.9138	0.999	0.869	0.8685
20	0.03	0.03	5555	4135263	1171390132	452183	705238	0.8543	0.9996	0.9014	0.9994	0.9014	0.999	0.8771	0.8772
