iter	label	cutoff	numotus	tp	tn	fp	fn	sensitivity	specificity	ppv	npv	fdr	accuracy	mcc	f1score
1	0.03	0.03	8268	4129155	1171393379	448936	711346	0.853	0.9996	0.9019	0.9994	0.9019	0.999	0.8767	0.8768
2	0.03	0.03	8288	4137509	1171385633	456682	702992	0.8548	0.9996	0.9006	0.9994	0.9006	0.999	0.8769	0.8771
3	0.03	0.03	8388	4046687	1171454229	388086	793814	0.836	0.9997	0.9125	0.9993	0.9125	0.999	0.8729	0.8726
4	0.03	0.03	8340	4135595	1171386736	455579	704906	0.8544	0.9996	0.9008	0.9994	0.9008	0.999	0.8768	0.877
5	0.03	0.03	8380	4130180	1171382929	459386	710321	0.8533	0.9996	0.8999	0.9994	0.8999	0.999	0.8758	0.876
6	0.03	0.03	8404	4130289	1171389580	452735	710212	0.8533	0.9996	0.9012	0.9994	0.9012	0.999	0.8764	0.8766
7	0.03	0.03	8390	4128485	1171392332	449983	712016	0.8529	0.9996	0.9017	0.9994	0.9017	0.999	0.8765	0.8766
8	0.03	0.03	8356	4041235	1171381845	460470	799266	0.8349	0.9996	0.8977	0.9993	0.8977	0.9989	0.8652	0.8652
9	0.03	0.03	8297	4028903	1171450782	391533	811598	0.8323	0.9997	0.9114	0.9993	0.9114	0.999	0.8705	0.8701
10	0.03	0.03	8362	4037019	1171417149	425166	803482	0.834	0.9996	0.9047	0.9993	0.9047	0.999	0.8681	0.8679
11	0.03	0.03	8287	4125292	1171396437	445878	715209	0.8522	0.9996	0.9025	0.9994	0.9025	0.999	0.8765	0.8766
12	0.03	0.03	8432	4048521	1171448376	393939	791980	0.8364	0.9997	0.9113	0.9993	0.9113	0.999	0.8726	0.8722
13	0.03	0.03	8322	4091783	1171380981	461334	748718	0.8453	0.9996	0.8987	0.9994	0.8987	0.999	0.8711	0.8712
14	0.03	0.03	8338	4133352	1171390682	451633	707149	0.8539	0.9996	0.9015	0.9994	0.9015	0.999	0.8769	0.8771
15	0.03	0.03	8349	4137479	1171385878	456437	703022	0.8548	0.9996	0.9006	0.9994	0.9006	0.999	0.8769	0.8771
16	0.03	0.03	8399	4131896	1171385568	456747	708605	0.8536	0.9996	0.9005	0.9994	0.9005	0.999	0.8762	0.8764
17	0.03	0.03	8385	4106794	1171403164	439151	733707	0.8484	0.9996	0.9034	0.9994	0.9034	0.999	0.875	0.875
18	0.03	0.03	8346	4094504	1171397239	445076	745997	0.8459	0.9996	0.902	0.9994	0.902	0.999	0.873	0.873
19	0.03	0.03	8376	4015838	1171443837	398478	824663	0.8296	0.9997	0.9097	0.9993	0.9097	0.999	0.8682	0.8678
20	0.03	0.03	8404	4134267	1171386344	455971	706234	0.8541	0.9996	0.9007	0.9994	0.9007	0.999	0.8766	0.8768
