iter	label	cutoff	numotus	tp	tn	fp	fn	sensitivity	specificity	ppv	npv	fdr	accuracy	mcc	f1score
1	0.03	0.03	6881	4033695	1171464395	377920	806806	0.8333	0.9997	0.9143	0.9993	0.9143	0.999	0.8724	0.872
2	0.03	0.03	6761	4022317	1171462171	380144	818184	0.831	0.9997	0.9137	0.9993	0.9137	0.999	0.8708	0.8704
3	0.03	0.03	6801	4038361	1171459448	382867	802140	0.8343	0.9997	0.9134	0.9993	0.9134	0.999	0.8725	0.8721
4	0.03	0.03	6810	4042686	1171465542	376773	797815	0.8352	0.9997	0.9147	0.9993	0.9147	0.999	0.8736	0.8732
5	0.03	0.03	6785	4009729	1171429711	412604	830772	0.8284	0.9996	0.9067	0.9993	0.9067	0.9989	0.8661	0.8658
6	0.03	0.03	6831	4144945	1171373650	468665	695556	0.8563	0.9996	0.8984	0.9994	0.8984	0.999	0.8766	0.8769
7	0.03	0.03	6910	4117851	1171394192	448123	722650	0.8507	0.9996	0.9019	0.9994	0.9019	0.999	0.8754	0.8755
8	0.03	0.03	6845	4133423	1171391727	450588	707078	0.8539	0.9996	0.9017	0.9994	0.9017	0.999	0.877	0.8772
9	0.03	0.03	6798	4127712	1171396196	446119	712789	0.8527	0.9996	0.9025	0.9994	0.9025	0.999	0.8768	0.8769
10	0.03	0.03	6800	4129271	1171395976	446339	711230	0.8531	0.9996	0.9025	0.9994	0.9025	0.999	0.8769	0.8771
11	0.03	0.03	6722	4024828	1171400597	441718	815673	0.8315	0.9996	0.9011	0.9993	0.9011	0.9989	0.8651	0.8649
12	0.03	0.03	6878	4041565	1171463032	379283	798936	0.8349	0.9997	0.9142	0.9993	0.9142	0.999	0.8732	0.8728
13	0.03	0.03	6883	4131889	1171388562	453753	708612	0.8536	0.9996	0.901	0.9994	0.901	0.999	0.8765	0.8767
14	0.03	0.03	6844	4125128	1171401322	440993	715373	0.8522	0.9996	0.9034	0.9994	0.9034	0.999	0.877	0.8771
15	0.03	0.03	6840	4049556	1171443882	398433	790945	0.8366	0.9997	0.9104	0.9993	0.9104	0.999	0.8722	0.872
16	0.03	0.03	6847	4124746	1171398508	443807	715755	0.8521	0.9996	0.9029	0.9994	0.9029	0.999	0.8766	0.8768
17	0.03	0.03	6782	4137914	1171385708	456607	702587	0.8549	0.9996	0.9006	0.9994	0.9006	0.999	0.8769	0.8771
18	0.03	0.03	6725	4006073	1171410600	431715	834428	0.8276	0.9996	0.9027	0.9993	0.9027	0.9989	0.8638	0.8635
19	0.03	0.03	6860	4040135	1171452219	390096	800366	0.8347	0.9997	0.9119	0.9993	0.9119	0.999	0.8719	0.8716
20	0.03	0.03	6826	4134419	1171390592	451723	706082	0.8541	0.9996	0.9015	0.9994	0.9015	0.999	0.877	0.8772
