iter	label	cutoff	numotus	tp	tn	fp	fn	sensitivity	specificity	ppv	npv	fdr	accuracy	mcc	f1score
1	0.03	0.03	6559	4129303	1171396758	445557	711198	0.8531	0.9996	0.9026	0.9994	0.9026	0.999	0.877	0.8771
2	0.03	0.03	6613	4133579	1171390335	451980	706922	0.854	0.9996	0.9014	0.9994	0.9014	0.999	0.8769	0.8771
3	0.03	0.03	6572	4134696	1171390488	451827	705805	0.8542	0.9996	0.9015	0.9994	0.9015	0.999	0.877	0.8772
4	0.03	0.03	6632	4129519	1171393310	449005	710982	0.8531	0.9996	0.9019	0.9994	0.9019	0.999	0.8767	0.8768
5	0.03	0.03	6586	4036088	1171458629	383686	804413	0.8338	0.9997	0.9132	0.9993	0.9132	0.999	0.8721	0.8717
6	0.03	0.03	6553	4136444	1171387888	454427	704057	0.8545	0.9996	0.901	0.9994	0.901	0.999	0.877	0.8772
7	0.03	0.03	6571	4015783	1171452568	389747	824718	0.8296	0.9997	0.9115	0.9993	0.9115	0.999	0.8691	0.8687
8	0.03	0.03	6556	4134216	1171391534	450781	706285	0.8541	0.9996	0.9017	0.9994	0.9017	0.999	0.8771	0.8772
9	0.03	0.03	6681	4090458	1171406343	435972	750043	0.845	0.9996	0.9037	0.9994	0.9037	0.999	0.8734	0.8734
10	0.03	0.03	6602	4130636	1171393499	448816	709865	0.8533	0.9996	0.902	0.9994	0.902	0.999	0.8768	0.877
11	0.03	0.03	6568	4088580	1171414929	427386	751921	0.8447	0.9996	0.9054	0.9994	0.9054	0.999	0.874	0.874
12	0.03	0.03	6597	4126866	1171394017	448298	713635	0.8526	0.9996	0.902	0.9994	0.902	0.999	0.8765	0.8766
13	0.03	0.03	6668	4003562	1171444229	398086	836939	0.8271	0.9997	0.9096	0.9993	0.9096	0.999	0.8668	0.8664
14	0.03	0.03	6623	4133684	1171389236	453079	706817	0.854	0.9996	0.9012	0.9994	0.9012	0.999	0.8768	0.877
15	0.03	0.03	6647	4130540	1171388524	453791	709961	0.8533	0.9996	0.901	0.9994	0.901	0.999	0.8764	0.8765
16	0.03	0.03	6608	4127793	1171393815	448500	712708	0.8528	0.9996	0.902	0.9994	0.902	0.999	0.8765	0.8767
17	0.03	0.03	6573	4135606	1171387599	454716	704895	0.8544	0.9996	0.9009	0.9994	0.9009	0.999	0.8769	0.877
18	0.03	0.03	6616	4131727	1171388590	453725	708774	0.8536	0.9996	0.9011	0.9994	0.9011	0.999	0.8765	0.8767
19	0.03	0.03	6602	3990413	1171458098	384217	850088	0.8244	0.9997	0.9122	0.9993	0.9122	0.999	0.8666	0.8661
20	0.03	0.03	6556	4127820	1171389014	453301	712681	0.8528	0.9996	0.9011	0.9994	0.9011	0.999	0.8761	0.8762
