iter	label	cutoff	numotus	tp	tn	fp	fn	sensitivity	specificity	ppv	npv	fdr	accuracy	mcc	f1score
1	0.03	0.03	8455	4100275	1171404573	437742	740226	0.8471	0.9996	0.9035	0.9994	0.9035	0.999	0.8744	0.8744
2	0.03	0.03	8437	4110216	1171401151	441164	730285	0.8491	0.9996	0.9031	0.9994	0.9031	0.999	0.8752	0.8753
3	0.03	0.03	8380	4122264	1171393051	449264	718237	0.8516	0.9996	0.9017	0.9994	0.9017	0.999	0.8758	0.876
4	0.03	0.03	8452	4132880	1171385042	457273	707621	0.8538	0.9996	0.9004	0.9994	0.9004	0.999	0.8763	0.8765
5	0.03	0.03	8448	4126173	1171386240	456075	714328	0.8524	0.9996	0.9005	0.9994	0.9005	0.999	0.8756	0.8758
6	0.03	0.03	8455	4128694	1171391318	450997	711807	0.8529	0.9996	0.9015	0.9994	0.9015	0.999	0.8764	0.8766
7	0.03	0.03	8457	4123954	1171394017	448298	716547	0.852	0.9996	0.902	0.9994	0.902	0.999	0.8761	0.8762
8	0.03	0.03	8450	4130288	1171385728	456587	710213	0.8533	0.9996	0.9005	0.9994	0.9005	0.999	0.8761	0.8762
9	0.03	0.03	8467	3981134	1171444622	397693	859367	0.8225	0.9997	0.9092	0.9993	0.9092	0.9989	0.8642	0.8636
10	0.03	0.03	8481	4135970	1171383252	459063	704531	0.8545	0.9996	0.9001	0.9994	0.9001	0.999	0.8765	0.8767
11	0.03	0.03	8424	4133735	1171384853	457462	706766	0.854	0.9996	0.9004	0.9994	0.9004	0.999	0.8764	0.8766
12	0.03	0.03	8435	4137571	1171377251	465064	702930	0.8548	0.9996	0.899	0.9994	0.899	0.999	0.8761	0.8763
13	0.03	0.03	8411	4134284	1171380615	461700	706217	0.8541	0.9996	0.8995	0.9994	0.8995	0.999	0.876	0.8762
14	0.03	0.03	8460	4129632	1171387650	454665	710869	0.8531	0.9996	0.9008	0.9994	0.9008	0.999	0.8762	0.8763
15	0.03	0.03	8437	4105969	1171396843	445472	734532	0.8483	0.9996	0.9021	0.9994	0.9021	0.999	0.8743	0.8744
16	0.03	0.03	8417	4138078	1171380963	461352	702423	0.8549	0.9996	0.8997	0.9994	0.8997	0.999	0.8765	0.8767
17	0.03	0.03	8338	4124433	1171393490	448825	716068	0.8521	0.9996	0.9019	0.9994	0.9019	0.999	0.8761	0.8763
18	0.03	0.03	8478	4136811	1171382326	459989	703690	0.8546	0.9996	0.8999	0.9994	0.8999	0.999	0.8765	0.8767
19	0.03	0.03	8359	4131272	1171385760	456555	709229	0.8535	0.9996	0.9005	0.9994	0.9005	0.999	0.8762	0.8764
20	0.03	0.03	8539	4138888	1171375963	466352	701613	0.8551	0.9996	0.8987	0.9994	0.8987	0.999	0.8761	0.8764
