iter	label	cutoff	numotus	tp	tn	fp	fn	sensitivity	specificity	ppv	npv	fdr	accuracy	mcc	f1score
1	0.03	0.03	6440	3993409	1171451801	390514	847092	0.825	0.9997	0.9109	0.9993	0.9109	0.9989	0.8664	0.8658
2	0.03	0.03	6382	4008495	1171459665	382650	832006	0.8281	0.9997	0.9129	0.9993	0.9129	0.999	0.8689	0.8684
3	0.03	0.03	6350	4135313	1171389947	452368	705188	0.8543	0.9996	0.9014	0.9994	0.9014	0.999	0.877	0.8772
4	0.03	0.03	6393	4131245	1171393440	448875	709256	0.8535	0.9996	0.902	0.9994	0.902	0.999	0.8769	0.8771
5	0.03	0.03	6344	4126588	1171398755	443560	713913	0.8525	0.9996	0.9029	0.9994	0.9029	0.999	0.8769	0.877
6	0.03	0.03	6422	4126225	1171390744	451571	714276	0.8524	0.9996	0.9014	0.9994	0.9014	0.999	0.8761	0.8762
7	0.03	0.03	6288	4124266	1171398304	444011	716235	0.852	0.9996	0.9028	0.9994	0.9028	0.999	0.8766	0.8767
8	0.03	0.03	6391	4109996	1171402157	440158	730505	0.8491	0.9996	0.9033	0.9994	0.9033	0.999	0.8753	0.8753
9	0.03	0.03	6387	4129618	1171396339	445976	710883	0.8531	0.9996	0.9025	0.9994	0.9025	0.999	0.877	0.8771
10	0.03	0.03	6368	4124307	1171403225	439090	716194	0.852	0.9996	0.9038	0.9994	0.9038	0.999	0.877	0.8771
11	0.03	0.03	6395	4123798	1171394214	448101	716703	0.8519	0.9996	0.902	0.9994	0.902	0.999	0.8761	0.8762
12	0.03	0.03	6363	4041865	1171459390	382925	798636	0.835	0.9997	0.9135	0.9993	0.9135	0.999	0.8729	0.8725
13	0.03	0.03	6371	3991775	1171454500	387815	848726	0.8247	0.9997	0.9114	0.9993	0.9114	0.9989	0.8665	0.8659
14	0.03	0.03	6356	4133406	1171391212	451103	707095	0.8539	0.9996	0.9016	0.9994	0.9016	0.999	0.8769	0.8771
15	0.03	0.03	6328	4138926	1171383897	458418	701575	0.8551	0.9996	0.9003	0.9994	0.9003	0.999	0.8769	0.8771
16	0.03	0.03	6416	4135455	1171385860	456455	705046	0.8543	0.9996	0.9006	0.9994	0.9006	0.999	0.8767	0.8769
17	0.03	0.03	6450	3996534	1171458805	383510	843967	0.8256	0.9997	0.9124	0.9993	0.9124	0.999	0.8674	0.8669
18	0.03	0.03	6393	4135250	1171382927	459388	705251	0.8543	0.9996	0.9	0.9994	0.9	0.999	0.8764	0.8766
19	0.03	0.03	6377	4044017	1171458426	383889	796484	0.8355	0.9997	0.9133	0.9993	0.9133	0.999	0.873	0.8726
20	0.03	0.03	6339	4130685	1171392461	449854	709816	0.8534	0.9996	0.9018	0.9994	0.9018	0.999	0.8767	0.8769
