iter	label	cutoff	numotus	tp	tn	fp	fn	sensitivity	specificity	ppv	npv	fdr	accuracy	mcc	f1score
1	0.03	0.03	5192	4134964	1171390435	451880	705537	0.8542	0.9996	0.9015	0.9994	0.9015	0.999	0.8771	0.8772
2	0.03	0.03	5197	4133182	1171392924	449391	707319	0.8539	0.9996	0.9019	0.9994	0.9019	0.999	0.8771	0.8772
3	0.03	0.03	5172	4053053	1171443380	398935	787448	0.8373	0.9997	0.9104	0.9993	0.9104	0.999	0.8726	0.8723
4	0.03	0.03	5191	4125656	1171398677	443638	714845	0.8523	0.9996	0.9029	0.9994	0.9029	0.999	0.8768	0.8769
5	0.03	0.03	5216	4024487	1171459982	382333	816014	0.8314	0.9997	0.9132	0.9993	0.9132	0.999	0.8709	0.8704
6	0.03	0.03	5168	4139799	1171386685	455630	700702	0.8552	0.9996	0.9009	0.9994	0.9009	0.999	0.8773	0.8775
7	0.03	0.03	5203	4135057	1171392733	449582	705444	0.8543	0.9996	0.9019	0.9994	0.9019	0.999	0.8773	0.8775
8	0.03	0.03	5171	4135765	1171390120	452195	704736	0.8544	0.9996	0.9014	0.9994	0.9014	0.999	0.8771	0.8773
9	0.03	0.03	5189	4046141	1171459382	382933	794360	0.8359	0.9997	0.9135	0.9993	0.9135	0.999	0.8734	0.873
10	0.03	0.03	5191	4131394	1171391056	451259	709107	0.8535	0.9996	0.9015	0.9994	0.9015	0.999	0.8767	0.8769
11	0.03	0.03	5190	4136980	1171389659	452656	703521	0.8547	0.9996	0.9014	0.9994	0.9014	0.999	0.8772	0.8774
12	0.03	0.03	5150	4136383	1171390583	451732	704118	0.8545	0.9996	0.9015	0.9994	0.9015	0.999	0.8772	0.8774
13	0.03	0.03	5204	4125782	1171400524	441791	714719	0.8523	0.9996	0.9033	0.9994	0.9033	0.999	0.877	0.8771
14	0.03	0.03	5193	4127186	1171400743	441572	713315	0.8526	0.9996	0.9033	0.9994	0.9033	0.999	0.8771	0.8773
15	0.03	0.03	5174	4125879	1171402408	439907	714622	0.8524	0.9996	0.9037	0.9994	0.9037	0.999	0.8771	0.8773
16	0.03	0.03	5235	4045511	1171462575	379740	794990	0.8358	0.9997	0.9142	0.9993	0.9142	0.999	0.8736	0.8732
17	0.03	0.03	5172	4140196	1171388272	454043	700305	0.8553	0.9996	0.9012	0.9994	0.9012	0.999	0.8775	0.8776
18	0.03	0.03	5216	4053292	1171443050	399265	787209	0.8374	0.9997	0.9103	0.9993	0.9103	0.999	0.8726	0.8723
19	0.03	0.03	5187	4048416	1171457134	385181	792085	0.8364	0.9997	0.9131	0.9993	0.9131	0.999	0.8734	0.8731
20	0.03	0.03	5164	4137550	1171389148	453167	702951	0.8548	0.9996	0.9013	0.9994	0.9013	0.999	0.8772	0.8774
