iter	label	cutoff	numotus	tp	tn	fp	fn	sensitivity	specificity	ppv	npv	fdr	accuracy	mcc	f1score
1	0.03	0.03	7098	4040626	1171462154	380161	799875	0.8348	0.9997	0.914	0.9993	0.914	0.999	0.873	0.8726
2	0.03	0.03	7131	4130967	1171388172	454143	709534	0.8534	0.9996	0.901	0.9994	0.901	0.999	0.8764	0.8765
3	0.03	0.03	7040	4096450	1171414758	427557	744051	0.8463	0.9996	0.9055	0.9994	0.9055	0.999	0.8749	0.8749
4	0.03	0.03	7086	3972450	1171444193	398122	868051	0.8207	0.9997	0.9089	0.9993	0.9089	0.9989	0.8631	0.8625
5	0.03	0.03	7148	4037741	1171457271	385044	802760	0.8342	0.9997	0.9129	0.9993	0.9129	0.999	0.8722	0.8718
6	0.03	0.03	7024	4047901	1171454416	387899	792600	0.8363	0.9997	0.9126	0.9993	0.9126	0.999	0.8731	0.8727
7	0.03	0.03	7052	4130217	1171393936	448379	710284	0.8533	0.9996	0.9021	0.9994	0.9021	0.999	0.8768	0.877
8	0.03	0.03	6981	4011911	1171453972	388343	828590	0.8288	0.9997	0.9117	0.9993	0.9117	0.999	0.8688	0.8683
9	0.03	0.03	7012	4049842	1171422587	419728	790659	0.8367	0.9996	0.9061	0.9993	0.9061	0.999	0.8702	0.87
10	0.03	0.03	7057	4043792	1171450799	391516	796709	0.8354	0.9997	0.9117	0.9993	0.9117	0.999	0.8722	0.8719
11	0.03	0.03	7073	4139545	1171381051	461264	700956	0.8552	0.9996	0.8997	0.9994	0.8997	0.999	0.8767	0.8769
12	0.03	0.03	6992	4139250	1171384939	457376	701251	0.8551	0.9996	0.9005	0.9994	0.9005	0.999	0.877	0.8772
13	0.03	0.03	7126	4041665	1171451689	390626	798836	0.835	0.9997	0.9119	0.9993	0.9119	0.999	0.8721	0.8717
14	0.03	0.03	7067	4123676	1171388168	454147	716825	0.8519	0.9996	0.9008	0.9994	0.9008	0.999	0.8755	0.8757
15	0.03	0.03	7091	4059895	1171408003	434312	780606	0.8387	0.9996	0.9034	0.9993	0.9034	0.999	0.8699	0.8698
16	0.03	0.03	7044	4122730	1171402863	439452	717771	0.8517	0.9996	0.9037	0.9994	0.9037	0.999	0.8768	0.8769
17	0.03	0.03	7095	3965724	1171434625	407690	874777	0.8193	0.9997	0.9068	0.9993	0.9068	0.9989	0.8614	0.8608
18	0.03	0.03	7089	4111773	1171410277	432038	728728	0.8495	0.9996	0.9049	0.9994	0.9049	0.999	0.8763	0.8763
19	0.03	0.03	7105	4126958	1171390187	452128	713543	0.8526	0.9996	0.9013	0.9994	0.9013	0.999	0.8761	0.8763
20	0.03	0.03	7059	4124779	1171394271	448044	715722	0.8521	0.9996	0.902	0.9994	0.902	0.999	0.8762	0.8764
