iter	label	cutoff	numotus	tp	tn	fp	fn	sensitivity	specificity	ppv	npv	fdr	accuracy	mcc	f1score
1	0.03	0.03	8453	4136719	1171383180	459135	703782	0.8546	0.9996	0.9001	0.9994	0.9001	0.999	0.8766	0.8768
2	0.03	0.03	8434	4038220	1171456128	386187	802281	0.8343	0.9997	0.9127	0.9993	0.9127	0.999	0.8721	0.8717
3	0.03	0.03	8494	4129435	1171389921	452394	711066	0.8531	0.9996	0.9013	0.9994	0.9013	0.999	0.8764	0.8765
4	0.03	0.03	8473	4137058	1171383026	459289	703443	0.8547	0.9996	0.9001	0.9994	0.9001	0.999	0.8766	0.8768
5	0.03	0.03	8424	4048841	1171449175	393140	791660	0.8365	0.9997	0.9115	0.9993	0.9115	0.999	0.8727	0.8724
6	0.03	0.03	8494	4130779	1171385910	456405	709722	0.8534	0.9996	0.9005	0.9994	0.9005	0.999	0.8761	0.8763
7	0.03	0.03	8427	4096888	1171401150	441165	743613	0.8464	0.9996	0.9028	0.9994	0.9028	0.999	0.8736	0.8737
8	0.03	0.03	8424	4132435	1171385223	457092	708066	0.8537	0.9996	0.9004	0.9994	0.9004	0.999	0.8763	0.8764
9	0.03	0.03	8454	4127437	1171393735	448580	713064	0.8527	0.9996	0.902	0.9994	0.902	0.999	0.8765	0.8766
10	0.03	0.03	8530	4136126	1171383981	458334	704375	0.8545	0.9996	0.9002	0.9994	0.9002	0.999	0.8766	0.8768
11	0.03	0.03	8499	4128385	1171385558	456757	712116	0.8529	0.9996	0.9004	0.9994	0.9004	0.999	0.8758	0.876
12	0.03	0.03	8411	4006247	1171465617	376698	834254	0.8277	0.9997	0.9141	0.9993	0.9141	0.999	0.8693	0.8687
13	0.03	0.03	8386	4107478	1171400554	441761	733023	0.8486	0.9996	0.9029	0.9994	0.9029	0.999	0.8748	0.8749
14	0.03	0.03	8449	4038851	1171423676	418639	801650	0.8344	0.9996	0.9061	0.9993	0.9061	0.999	0.869	0.8688
15	0.03	0.03	8434	4074794	1171407635	434680	765707	0.8418	0.9996	0.9036	0.9993	0.9036	0.999	0.8717	0.8716
16	0.03	0.03	8441	4117010	1171392221	450094	723491	0.8505	0.9996	0.9014	0.9994	0.9014	0.999	0.8751	0.8753
17	0.03	0.03	8424	4123575	1171390079	452236	716926	0.8519	0.9996	0.9012	0.9994	0.9012	0.999	0.8757	0.8758
18	0.03	0.03	8439	4130475	1171391405	450910	710026	0.8533	0.9996	0.9016	0.9994	0.9016	0.999	0.8766	0.8768
19	0.03	0.03	8417	4128834	1171390288	452027	711667	0.853	0.9996	0.9013	0.9994	0.9013	0.999	0.8763	0.8765
20	0.03	0.03	8415	4130141	1171388222	454093	710360	0.8532	0.9996	0.9009	0.9994	0.9009	0.999	0.8763	0.8764
