iter	label	cutoff	numotus	tp	tn	fp	fn	sensitivity	specificity	ppv	npv	fdr	accuracy	mcc	f1score
1	0.03	0.03	7761	4102506	1171408610	433705	737995	0.8475	0.9996	0.9044	0.9994	0.9044	0.999	0.875	0.875
2	0.03	0.03	7773	4125259	1171399936	442379	715242	0.8522	0.9996	0.9031	0.9994	0.9031	0.999	0.8768	0.877
3	0.03	0.03	7806	4039980	1171458891	383424	800521	0.8346	0.9997	0.9133	0.9993	0.9133	0.999	0.8726	0.8722
4	0.03	0.03	7695	4135251	1171388212	454103	705250	0.8543	0.9996	0.9011	0.9994	0.9011	0.999	0.8769	0.8771
5	0.03	0.03	7727	4129485	1171379906	462409	711016	0.8531	0.9996	0.8993	0.9994	0.8993	0.999	0.8754	0.8756
6	0.03	0.03	7774	4013256	1171433877	408438	827245	0.8291	0.9997	0.9076	0.9993	0.9076	0.9989	0.867	0.8666
7	0.03	0.03	7781	4128224	1171393748	448567	712277	0.8529	0.9996	0.902	0.9994	0.902	0.999	0.8766	0.8767
8	0.03	0.03	7734	4021412	1171424909	417406	819089	0.8308	0.9996	0.906	0.9993	0.906	0.9989	0.867	0.8667
9	0.03	0.03	7716	4139640	1171377817	464498	700861	0.8552	0.9996	0.8991	0.9994	0.8991	0.999	0.8764	0.8766
10	0.03	0.03	7816	4128754	1171395216	447099	711747	0.853	0.9996	0.9023	0.9994	0.9023	0.999	0.8768	0.8769
11	0.03	0.03	7732	4136560	1171384166	458149	703941	0.8546	0.9996	0.9003	0.9994	0.9003	0.999	0.8766	0.8768
12	0.03	0.03	7679	4041893	1171459471	382844	798608	0.835	0.9997	0.9135	0.9993	0.9135	0.999	0.8729	0.8725
13	0.03	0.03	7722	4122734	1171399581	442734	717767	0.8517	0.9996	0.903	0.9994	0.903	0.999	0.8765	0.8766
14	0.03	0.03	7713	4133414	1171387552	454763	707087	0.8539	0.9996	0.9009	0.9994	0.9009	0.999	0.8766	0.8768
15	0.03	0.03	7738	3912358	1171464854	377461	928143	0.8083	0.9997	0.912	0.9992	0.912	0.9989	0.858	0.857
16	0.03	0.03	7741	4125810	1171395383	446932	714691	0.8524	0.9996	0.9023	0.9994	0.9023	0.999	0.8765	0.8766
17	0.03	0.03	7665	4131222	1171393066	449249	709279	0.8535	0.9996	0.9019	0.9994	0.9019	0.999	0.8769	0.877
18	0.03	0.03	7750	4131736	1171390366	451949	708765	0.8536	0.9996	0.9014	0.9994	0.9014	0.999	0.8767	0.8768
19	0.03	0.03	7660	4134465	1171387708	454607	706036	0.8541	0.9996	0.9009	0.9994	0.9009	0.999	0.8767	0.8769
20	0.03	0.03	7741	4028358	1171459474	382841	812143	0.8322	0.9997	0.9132	0.9993	0.9132	0.999	0.8713	0.8708
