iter	label	cutoff	numotus	tp	tn	fp	fn	sensitivity	specificity	ppv	npv	fdr	accuracy	mcc	f1score
1	0.03	0.03	8245	4121409	1171383992	458323	719092	0.8514	0.9996	0.8999	0.9994	0.8999	0.999	0.8748	0.875
2	0.03	0.03	8281	4125834	1171386141	456174	714667	0.8524	0.9996	0.9004	0.9994	0.9004	0.999	0.8756	0.8757
3	0.03	0.03	8192	4132272	1171379521	462794	708229	0.8537	0.9996	0.8993	0.9994	0.8993	0.999	0.8757	0.8759
4	0.03	0.03	8211	4110734	1171388438	453877	729767	0.8492	0.9996	0.9006	0.9994	0.9006	0.999	0.874	0.8741
5	0.03	0.03	8246	4048057	1171444220	398095	792444	0.8363	0.9997	0.9105	0.9993	0.9105	0.999	0.8721	0.8718
6	0.03	0.03	8213	4120938	1171381597	460718	719563	0.8513	0.9996	0.8994	0.9994	0.8994	0.999	0.8746	0.8747
7	0.03	0.03	8249	4115109	1171398937	443378	725392	0.8501	0.9996	0.9027	0.9994	0.9027	0.999	0.8755	0.8756
8	0.03	0.03	8211	4128727	1171381620	460695	711774	0.853	0.9996	0.8996	0.9994	0.8996	0.999	0.8755	0.8757
9	0.03	0.03	8270	4119185	1171388178	454137	721316	0.851	0.9996	0.9007	0.9994	0.9007	0.999	0.875	0.8751
10	0.03	0.03	8297	4119461	1171392366	449949	721040	0.851	0.9996	0.9015	0.9994	0.9015	0.999	0.8754	0.8756
11	0.03	0.03	8249	4001393	1171474849	367466	839108	0.8266	0.9997	0.9159	0.9993	0.9159	0.999	0.8696	0.869
12	0.03	0.03	8247	4122624	1171372191	470124	717877	0.8517	0.9996	0.8976	0.9994	0.8976	0.999	0.8739	0.8741
13	0.03	0.03	8278	4120484	1171390340	451975	720017	0.8513	0.9996	0.9012	0.9994	0.9012	0.999	0.8753	0.8755
14	0.03	0.03	8244	4116279	1171397372	444943	724222	0.8504	0.9996	0.9025	0.9994	0.9025	0.999	0.8755	0.8756
15	0.03	0.03	8220	4119947	1171391922	450393	720554	0.8511	0.9996	0.9015	0.9994	0.9015	0.999	0.8754	0.8756
16	0.03	0.03	8346	4128624	1171373892	468423	711877	0.8529	0.9996	0.8981	0.9994	0.8981	0.999	0.8747	0.8749
17	0.03	0.03	8267	4097507	1171382811	459504	742994	0.8465	0.9996	0.8992	0.9994	0.8992	0.999	0.8719	0.872
18	0.03	0.03	8244	4115847	1171397103	445212	724654	0.8503	0.9996	0.9024	0.9994	0.9024	0.999	0.8755	0.8756
19	0.03	0.03	8173	4135928	1171370074	472241	704573	0.8544	0.9996	0.8975	0.9994	0.8975	0.999	0.8752	0.8755
20	0.03	0.03	8193	4121389	1171387603	454712	719112	0.8514	0.9996	0.9006	0.9994	0.9006	0.999	0.8752	0.8753
