iter	label	cutoff	numotus	tp	tn	fp	fn	sensitivity	specificity	ppv	npv	fdr	accuracy	mcc	f1score
1	0.03	0.03	6811	4141486	1171388658	453657	699015	0.8556	0.9996	0.9013	0.9994	0.9013	0.999	0.8776	0.8778
2	0.03	0.03	6811	4141486	1171388658	453657	699015	0.8556	0.9996	0.9013	0.9994	0.9013	0.999	0.8776	0.8778
3	0.03	0.03	6811	4141486	1171388658	453657	699015	0.8556	0.9996	0.9013	0.9994	0.9013	0.999	0.8776	0.8778
4	0.03	0.03	6811	4141486	1171388658	453657	699015	0.8556	0.9996	0.9013	0.9994	0.9013	0.999	0.8776	0.8778
5	0.03	0.03	6811	4141486	1171388658	453657	699015	0.8556	0.9996	0.9013	0.9994	0.9013	0.999	0.8776	0.8778
6	0.03	0.03	6811	4141486	1171388658	453657	699015	0.8556	0.9996	0.9013	0.9994	0.9013	0.999	0.8776	0.8778
7	0.03	0.03	6811	4141486	1171388658	453657	699015	0.8556	0.9996	0.9013	0.9994	0.9013	0.999	0.8776	0.8778
8	0.03	0.03	6811	4141486	1171388658	453657	699015	0.8556	0.9996	0.9013	0.9994	0.9013	0.999	0.8776	0.8778
9	0.03	0.03	6811	4141486	1171388658	453657	699015	0.8556	0.9996	0.9013	0.9994	0.9013	0.999	0.8776	0.8778
10	0.03	0.03	6811	4141486	1171388658	453657	699015	0.8556	0.9996	0.9013	0.9994	0.9013	0.999	0.8776	0.8778
11	0.03	0.03	6811	4141486	1171388658	453657	699015	0.8556	0.9996	0.9013	0.9994	0.9013	0.999	0.8776	0.8778
12	0.03	0.03	6811	4141486	1171388658	453657	699015	0.8556	0.9996	0.9013	0.9994	0.9013	0.999	0.8776	0.8778
13	0.03	0.03	6811	4141486	1171388658	453657	699015	0.8556	0.9996	0.9013	0.9994	0.9013	0.999	0.8776	0.8778
14	0.03	0.03	6811	4141486	1171388658	453657	699015	0.8556	0.9996	0.9013	0.9994	0.9013	0.999	0.8776	0.8778
15	0.03	0.03	6811	4141486	1171388658	453657	699015	0.8556	0.9996	0.9013	0.9994	0.9013	0.999	0.8776	0.8778
16	0.03	0.03	6811	4141486	1171388658	453657	699015	0.8556	0.9996	0.9013	0.9994	0.9013	0.999	0.8776	0.8778
17	0.03	0.03	6811	4141486	1171388658	453657	699015	0.8556	0.9996	0.9013	0.9994	0.9013	0.999	0.8776	0.8778
18	0.03	0.03	6811	4141486	1171388658	453657	699015	0.8556	0.9996	0.9013	0.9994	0.9013	0.999	0.8776	0.8778
19	0.03	0.03	6811	4141486	1171388658	453657	699015	0.8556	0.9996	0.9013	0.9994	0.9013	0.999	0.8776	0.8778
20	0.03	0.03	6811	4141486	1171388658	453657	699015	0.8556	0.9996	0.9013	0.9994	0.9013	0.999	0.8776	0.8778
