iter	label	cutoff	numotus	tp	tn	fp	fn	sensitivity	specificity	ppv	npv	fdr	accuracy	mcc	f1score
1	0.03	0.03	5358	3998773	1171482319	359996	841728	0.8261	0.9997	0.9174	0.9993	0.9174	0.999	0.8701	0.8694
2	0.03	0.03	5366	4136446	1171390929	451386	704055	0.8545	0.9996	0.9016	0.9994	0.9016	0.999	0.8773	0.8775
3	0.03	0.03	5350	4137936	1171386629	455686	702565	0.8549	0.9996	0.9008	0.9994	0.9008	0.999	0.877	0.8772
4	0.03	0.03	5367	4136151	1171389950	452365	704350	0.8545	0.9996	0.9014	0.9994	0.9014	0.999	0.8771	0.8773
5	0.03	0.03	5365	4132995	1171391359	450956	707506	0.8538	0.9996	0.9016	0.9994	0.9016	0.999	0.8769	0.8771
6	0.03	0.03	5371	4136453	1171390875	451440	704048	0.8546	0.9996	0.9016	0.9994	0.9016	0.999	0.8773	0.8774
7	0.03	0.03	5398	4107299	1171399928	442387	733202	0.8485	0.9996	0.9028	0.9994	0.9028	0.999	0.8747	0.8748
8	0.03	0.03	5352	4134087	1171391588	450727	706414	0.8541	0.9996	0.9017	0.9994	0.9017	0.999	0.8771	0.8772
9	0.03	0.03	5354	4048070	1171458717	383598	792431	0.8363	0.9997	0.9134	0.9993	0.9134	0.999	0.8735	0.8732
10	0.03	0.03	5394	4113229	1171401742	440573	727272	0.8498	0.9996	0.9033	0.9994	0.9033	0.999	0.8756	0.8757
11	0.03	0.03	5375	4136923	1171384573	457742	703578	0.8546	0.9996	0.9004	0.9994	0.9004	0.999	0.8767	0.8769
12	0.03	0.03	5389	4131930	1171396198	446117	708571	0.8536	0.9996	0.9026	0.9994	0.9026	0.999	0.8773	0.8774
13	0.03	0.03	5358	4144292	1171376675	465640	696209	0.8562	0.9996	0.899	0.9994	0.899	0.999	0.8768	0.8771
14	0.03	0.03	5383	4137331	1171389635	452680	703170	0.8547	0.9996	0.9014	0.9994	0.9014	0.999	0.8773	0.8774
15	0.03	0.03	5361	4133904	1171388342	453973	706597	0.854	0.9996	0.901	0.9994	0.901	0.999	0.8767	0.8769
16	0.03	0.03	5358	4029578	1171465226	377089	810923	0.8325	0.9997	0.9144	0.9993	0.9144	0.999	0.872	0.8715
17	0.03	0.03	5347	4136234	1171390095	452220	704267	0.8545	0.9996	0.9014	0.9994	0.9014	0.999	0.8772	0.8773
18	0.03	0.03	5382	4035724	1171446920	395395	804777	0.8337	0.9997	0.9108	0.9993	0.9108	0.999	0.8709	0.8706
19	0.03	0.03	5364	4139148	1171388092	454223	701353	0.8551	0.9996	0.9011	0.9994	0.9011	0.999	0.8773	0.8775
20	0.03	0.03	5390	4029795	1171474276	368039	810706	0.8325	0.9997	0.9163	0.9993	0.9163	0.999	0.8729	0.8724
