iter	label	cutoff	numotus	tp	tn	fp	fn	sensitivity	specificity	ppv	npv	fdr	accuracy	mcc	f1score
1	0.03	0.03	8154	4131384	1171389333	452982	709117	0.8535	0.9996	0.9012	0.9994	0.9012	0.999	0.8765	0.8767
2	0.03	0.03	8216	4139337	1171382819	459496	701164	0.8551	0.9996	0.9001	0.9994	0.9001	0.999	0.8768	0.877
3	0.03	0.03	8226	4019018	1171439303	403012	821483	0.8303	0.9997	0.9089	0.9993	0.9089	0.999	0.8682	0.8678
4	0.03	0.03	8194	4125146	1171396784	445531	715355	0.8522	0.9996	0.9025	0.9994	0.9025	0.999	0.8765	0.8766
5	0.03	0.03	8229	4007691	1171444305	398010	832810	0.8279	0.9997	0.9097	0.9993	0.9097	0.999	0.8673	0.8669
6	0.03	0.03	8168	4036528	1171457924	384391	803973	0.8339	0.9997	0.9131	0.9993	0.9131	0.999	0.8721	0.8717
7	0.03	0.03	8176	4088428	1171410389	431926	752073	0.8446	0.9996	0.9044	0.9994	0.9044	0.999	0.8735	0.8735
8	0.03	0.03	8196	4018463	1171427095	415220	822038	0.8302	0.9996	0.9063	0.9993	0.9063	0.9989	0.8669	0.8666
9	0.03	0.03	8257	4113290	1171394200	448115	727211	0.8498	0.9996	0.9018	0.9994	0.9018	0.999	0.8749	0.875
10	0.03	0.03	8165	4125123	1171396308	446007	715378	0.8522	0.9996	0.9024	0.9994	0.9024	0.999	0.8765	0.8766
11	0.03	0.03	8185	4101951	1171393360	448955	738550	0.8474	0.9996	0.9013	0.9994	0.9013	0.999	0.8735	0.8736
12	0.03	0.03	8221	4035191	1171464419	377896	805310	0.8336	0.9997	0.9144	0.9993	0.9144	0.999	0.8726	0.8721
13	0.03	0.03	8223	3969284	1171458507	383808	871217	0.82	0.9997	0.9118	0.9993	0.9118	0.9989	0.8642	0.8635
14	0.03	0.03	8282	4052161	1171408539	433776	788340	0.8371	0.9996	0.9033	0.9993	0.9033	0.999	0.8691	0.869
15	0.03	0.03	8163	4134233	1171387299	455016	706268	0.8541	0.9996	0.9009	0.9994	0.9009	0.999	0.8767	0.8768
16	0.03	0.03	8102	4130110	1171391531	450784	710391	0.8532	0.9996	0.9016	0.9994	0.9016	0.999	0.8766	0.8768
17	0.03	0.03	8113	4127382	1171396767	445548	713119	0.8527	0.9996	0.9026	0.9994	0.9026	0.999	0.8768	0.8769
18	0.03	0.03	8171	4039628	1171460098	382217	800873	0.8345	0.9997	0.9136	0.9993	0.9136	0.999	0.8727	0.8723
19	0.03	0.03	8195	4042590	1171458739	383576	797911	0.8352	0.9997	0.9133	0.9993	0.9133	0.999	0.8729	0.8725
20	0.03	0.03	8204	4038295	1171459961	382354	802206	0.8343	0.9997	0.9135	0.9993	0.9135	0.999	0.8725	0.8721
