iter	label	cutoff	numotus	tp	tn	fp	fn	sensitivity	specificity	ppv	npv	fdr	accuracy	mcc	f1score
1	0.03	0.03	8009	4036377	1171465109	377206	804124	0.8339	0.9997	0.9145	0.9993	0.9145	0.999	0.8728	0.8723
2	0.03	0.03	8001	4039083	1171413308	429007	801418	0.8344	0.9996	0.904	0.9993	0.904	0.999	0.868	0.8678
3	0.03	0.03	8056	4039178	1171423143	419172	801323	0.8345	0.9996	0.906	0.9993	0.906	0.999	0.869	0.8687
4	0.03	0.03	7994	4034589	1171385154	457161	805912	0.8335	0.9996	0.8982	0.9993	0.8982	0.9989	0.8647	0.8647
5	0.03	0.03	7957	4106735	1171399470	442845	733766	0.8484	0.9996	0.9027	0.9994	0.9027	0.999	0.8746	0.8747
6	0.03	0.03	8065	4125711	1171390725	451590	714790	0.8523	0.9996	0.9013	0.9994	0.9013	0.999	0.876	0.8762
7	0.03	0.03	8016	4127489	1171395857	446458	713012	0.8527	0.9996	0.9024	0.9994	0.9024	0.999	0.8767	0.8768
8	0.03	0.03	7955	4127746	1171386191	456124	712755	0.8528	0.9996	0.9005	0.9994	0.9005	0.999	0.8758	0.876
9	0.03	0.03	8079	4085330	1171419800	422515	755171	0.844	0.9996	0.9063	0.9994	0.9063	0.999	0.8741	0.874
10	0.03	0.03	7945	4123875	1171394828	447487	716626	0.852	0.9996	0.9021	0.9994	0.9021	0.999	0.8762	0.8763
11	0.03	0.03	8021	4127134	1171395065	447250	713367	0.8526	0.9996	0.9022	0.9994	0.9022	0.999	0.8766	0.8767
12	0.03	0.03	8030	4012330	1171445883	396432	828171	0.8289	0.9997	0.9101	0.9993	0.9101	0.999	0.868	0.8676
13	0.03	0.03	8003	4130344	1171388185	454130	710157	0.8533	0.9996	0.9009	0.9994	0.9009	0.999	0.8763	0.8765
14	0.03	0.03	7965	4018707	1171463938	378377	821794	0.8302	0.9997	0.9139	0.9993	0.9139	0.999	0.8706	0.8701
15	0.03	0.03	7922	4085731	1171407371	434944	754770	0.8441	0.9996	0.9038	0.9994	0.9038	0.999	0.8729	0.8729
16	0.03	0.03	8014	4135556	1171387279	455036	704945	0.8544	0.9996	0.9009	0.9994	0.9009	0.999	0.8768	0.877
17	0.03	0.03	7926	4102634	1171408733	433582	737867	0.8476	0.9996	0.9044	0.9994	0.9044	0.999	0.875	0.8751
18	0.03	0.03	7959	4131715	1171390924	451391	708786	0.8536	0.9996	0.9015	0.9994	0.9015	0.999	0.8767	0.8769
19	0.03	0.03	7944	4036956	1171449132	393183	803545	0.834	0.9997	0.9112	0.9993	0.9112	0.999	0.8713	0.8709
20	0.03	0.03	7935	3925842	1171454564	387751	914659	0.811	0.9997	0.9101	0.9992	0.9101	0.9989	0.8586	0.8577
