iter	label	cutoff	numotus	tp	tn	fp	fn	sensitivity	specificity	ppv	npv	fdr	accuracy	mcc	f1score
1	0.03	0.03	7509	4031028	1171432793	409522	809473	0.8328	0.9997	0.9078	0.9993	0.9078	0.999	0.869	0.8687
2	0.03	0.03	7492	4129523	1171392586	449729	710978	0.8531	0.9996	0.9018	0.9994	0.9018	0.999	0.8766	0.8768
3	0.03	0.03	7578	4038797	1171464237	378078	801704	0.8344	0.9997	0.9144	0.9993	0.9144	0.999	0.873	0.8726
4	0.03	0.03	7579	4133803	1171391526	450789	706698	0.854	0.9996	0.9017	0.9994	0.9017	0.999	0.877	0.8772
5	0.03	0.03	7509	4121867	1171396903	445412	718634	0.8515	0.9996	0.9025	0.9994	0.9025	0.999	0.8761	0.8763
6	0.03	0.03	7516	4123617	1171397237	445078	716884	0.8519	0.9996	0.9026	0.9994	0.9026	0.999	0.8764	0.8765
7	0.03	0.03	7541	4046149	1171456039	386276	794352	0.8359	0.9997	0.9129	0.9993	0.9129	0.999	0.873	0.8727
8	0.03	0.03	7491	4040994	1171455041	387274	799507	0.8348	0.9997	0.9125	0.9993	0.9125	0.999	0.8723	0.872
9	0.03	0.03	7449	4128977	1171394400	447915	711524	0.853	0.9996	0.9021	0.9994	0.9021	0.999	0.8767	0.8769
10	0.03	0.03	7489	4130098	1171392193	450122	710403	0.8532	0.9996	0.9017	0.9994	0.9017	0.999	0.8767	0.8768
11	0.03	0.03	7500	4131210	1171392817	449498	709291	0.8535	0.9996	0.9019	0.9994	0.9019	0.999	0.8768	0.877
12	0.03	0.03	7558	4070833	1171408175	434140	769668	0.841	0.9996	0.9036	0.9993	0.9036	0.999	0.8712	0.8712
13	0.03	0.03	7588	4114330	1171407399	434916	726171	0.85	0.9996	0.9044	0.9994	0.9044	0.999	0.8763	0.8763
14	0.03	0.03	7502	4033711	1171466182	376133	806790	0.8333	0.9997	0.9147	0.9993	0.9147	0.999	0.8726	0.8721
15	0.03	0.03	7525	4030707	1171423604	418711	809794	0.8327	0.9996	0.9059	0.9993	0.9059	0.999	0.868	0.8678
16	0.03	0.03	7515	4123555	1171398091	444224	716946	0.8519	0.9996	0.9027	0.9994	0.9027	0.999	0.8765	0.8766
17	0.03	0.03	7507	4114107	1171404121	438194	726394	0.8499	0.9996	0.9037	0.9994	0.9037	0.999	0.8759	0.876
18	0.03	0.03	7542	4036452	1171432315	410000	804049	0.8339	0.9997	0.9078	0.9993	0.9078	0.999	0.8695	0.8693
19	0.03	0.03	7485	4108036	1171412491	429824	732465	0.8487	0.9996	0.9053	0.9994	0.9053	0.999	0.876	0.8761
20	0.03	0.03	7560	3999671	1171456872	385443	840830	0.8263	0.9997	0.9121	0.9993	0.9121	0.999	0.8676	0.8671
