iter	label	cutoff	numotus	tp	tn	fp	fn	sensitivity	specificity	ppv	npv	fdr	accuracy	mcc	f1score
1	0.03	0.03	5918	4133820	1171392416	449899	706681	0.854	0.9996	0.9018	0.9994	0.9018	0.999	0.8771	0.8773
2	0.03	0.03	5881	4018501	1171468717	373598	822000	0.8302	0.9997	0.9149	0.9993	0.9149	0.999	0.871	0.8705
3	0.03	0.03	5937	4112886	1171392740	449575	727615	0.8497	0.9996	0.9015	0.9994	0.9015	0.999	0.8747	0.8748
4	0.03	0.03	5966	4135737	1171388988	453327	704764	0.8544	0.9996	0.9012	0.9994	0.9012	0.999	0.877	0.8772
5	0.03	0.03	5927	4134221	1171390481	451834	706280	0.8541	0.9996	0.9015	0.9994	0.9015	0.999	0.877	0.8771
6	0.03	0.03	5966	4122588	1171399424	442891	717913	0.8517	0.9996	0.903	0.9994	0.903	0.999	0.8765	0.8766
7	0.03	0.03	5976	4046836	1171446057	396258	793665	0.836	0.9997	0.9108	0.9993	0.9108	0.999	0.8721	0.8718
8	0.03	0.03	5966	4001051	1171429435	412880	839450	0.8266	0.9996	0.9065	0.9993	0.9065	0.9989	0.8651	0.8647
9	0.03	0.03	5989	4138349	1171388066	454249	702152	0.8549	0.9996	0.9011	0.9994	0.9011	0.999	0.8772	0.8774
10	0.03	0.03	5873	4110895	1171386683	455632	729606	0.8493	0.9996	0.9002	0.9994	0.9002	0.999	0.8739	0.874
11	0.03	0.03	5916	4131614	1171391279	451036	708887	0.8536	0.9996	0.9016	0.9994	0.9016	0.999	0.8767	0.8769
12	0.03	0.03	5960	4135424	1171388992	453323	705077	0.8543	0.9996	0.9012	0.9994	0.9012	0.999	0.877	0.8771
13	0.03	0.03	5917	4136588	1171388867	453448	703913	0.8546	0.9996	0.9012	0.9994	0.9012	0.999	0.8771	0.8773
14	0.03	0.03	5923	4035870	1171470284	372031	804631	0.8338	0.9997	0.9156	0.9993	0.9156	0.999	0.8732	0.8728
15	0.03	0.03	5971	4007605	1171460102	382213	832896	0.8279	0.9997	0.9129	0.9993	0.9129	0.999	0.8689	0.8684
16	0.03	0.03	5939	4133937	1171392107	450208	706564	0.854	0.9996	0.9018	0.9994	0.9018	0.999	0.8771	0.8773
17	0.03	0.03	5970	4039255	1171465565	376750	801246	0.8345	0.9997	0.9147	0.9993	0.9147	0.999	0.8732	0.8727
18	0.03	0.03	5989	4129908	1171396473	445842	710593	0.8532	0.9996	0.9026	0.9994	0.9026	0.999	0.877	0.8772
19	0.03	0.03	5992	4122941	1171404442	437873	717560	0.8518	0.9996	0.904	0.9994	0.904	0.999	0.877	0.8771
20	0.03	0.03	5943	4137608	1171387955	454360	702893	0.8548	0.9996	0.9011	0.9994	0.9011	0.999	0.8771	0.8773
